# people_train.txt
# sex (M=-1, F=1)  age  state (michigan, 
# nebraska, oklahoma) income
# politics (consrvative, moderate, liberal)
#
 1, 0.24, 1, 0, 0, 0.2950, 2
-1, 0.39, 0, 0, 1, 0.5120, 1
 1, 0.63, 0, 1, 0, 0.7580, 0
-1, 0.36, 1, 0, 0, 0.4450, 1
 1, 0.27, 0, 1, 0, 0.2860, 2
 1, 0.50, 0, 1, 0, 0.5650, 1
 1, 0.50, 0, 0, 1, 0.5500, 1
-1, 0.19, 0, 0, 1, 0.3270, 0
 1, 0.22, 0, 1, 0, 0.2770, 1
-1, 0.39, 0, 0, 1, 0.4710, 2
 1, 0.34, 1, 0, 0, 0.3940, 1
-1, 0.22, 1, 0, 0, 0.3350, 0
 1, 0.35, 0, 0, 1, 0.3520, 2
-1, 0.33, 0, 1, 0, 0.4640, 1
 1, 0.45, 0, 1, 0, 0.5410, 1
 1, 0.42, 0, 1, 0, 0.5070, 1
-1, 0.33, 0, 1, 0, 0.4680, 1
 1, 0.25, 0, 0, 1, 0.3000, 1
-1, 0.31, 0, 1, 0, 0.4640, 0
 1, 0.27, 1, 0, 0, 0.3250, 2
 1, 0.48, 1, 0, 0, 0.5400, 1
-1, 0.64, 0, 1, 0, 0.7130, 2
 1, 0.61, 0, 1, 0, 0.7240, 0
 1, 0.54, 0, 0, 1, 0.6100, 0
 1, 0.29, 1, 0, 0, 0.3630, 0
 1, 0.50, 0, 0, 1, 0.5500, 1
 1, 0.55, 0, 0, 1, 0.6250, 0
 1, 0.40, 1, 0, 0, 0.5240, 0
 1, 0.22, 1, 0, 0, 0.2360, 2
 1, 0.68, 0, 1, 0, 0.7840, 0
-1, 0.60, 1, 0, 0, 0.7170, 2
-1, 0.34, 0, 0, 1, 0.4650, 1
-1, 0.25, 0, 0, 1, 0.3710, 0
-1, 0.31, 0, 1, 0, 0.4890, 1
 1, 0.43, 0, 0, 1, 0.4800, 1
 1, 0.58, 0, 1, 0, 0.6540, 2
-1, 0.55, 0, 1, 0, 0.6070, 2
-1, 0.43, 0, 1, 0, 0.5110, 1
-1, 0.43, 0, 0, 1, 0.5320, 1
-1, 0.21, 1, 0, 0, 0.3720, 0
 1, 0.55, 0, 0, 1, 0.6460, 0
 1, 0.64, 0, 1, 0, 0.7480, 0
-1, 0.41, 1, 0, 0, 0.5880, 1
 1, 0.64, 0, 0, 1, 0.7270, 0
-1, 0.56, 0, 0, 1, 0.6660, 2
 1, 0.31, 0, 0, 1, 0.3600, 1
-1, 0.65, 0, 0, 1, 0.7010, 2
 1, 0.55, 0, 0, 1, 0.6430, 0
-1, 0.25, 1, 0, 0, 0.4030, 0
 1, 0.46, 0, 0, 1, 0.5100, 1
-1, 0.36, 1, 0, 0, 0.5350, 0
 1, 0.52, 0, 1, 0, 0.5810, 1
 1, 0.61, 0, 0, 1, 0.6790, 0
 1, 0.57, 0, 0, 1, 0.6570, 0
-1, 0.46, 0, 1, 0, 0.5260, 1
-1, 0.62, 1, 0, 0, 0.6680, 2
 1, 0.55, 0, 0, 1, 0.6270, 0
-1, 0.22, 0, 0, 1, 0.2770, 1
-1, 0.50, 1, 0, 0, 0.6290, 0
-1, 0.32, 0, 1, 0, 0.4180, 1
-1, 0.21, 0, 0, 1, 0.3560, 0
 1, 0.44, 0, 1, 0, 0.5200, 1
 1, 0.46, 0, 1, 0, 0.5170, 1
 1, 0.62, 0, 1, 0, 0.6970, 0
 1, 0.57, 0, 1, 0, 0.6640, 0
-1, 0.67, 0, 0, 1, 0.7580, 2
 1, 0.29, 1, 0, 0, 0.3430, 2
 1, 0.53, 1, 0, 0, 0.6010, 0
-1, 0.44, 1, 0, 0, 0.5480, 1
 1, 0.46, 0, 1, 0, 0.5230, 1
-1, 0.20, 0, 1, 0, 0.3010, 1
-1, 0.38, 1, 0, 0, 0.5350, 1
 1, 0.50, 0, 1, 0, 0.5860, 1
 1, 0.33, 0, 1, 0, 0.4250, 1
-1, 0.33, 0, 1, 0, 0.3930, 1
 1, 0.26, 0, 1, 0, 0.4040, 0
 1, 0.58, 1, 0, 0, 0.7070, 0
 1, 0.43, 0, 0, 1, 0.4800, 1
-1, 0.46, 1, 0, 0, 0.6440, 0
 1, 0.60, 1, 0, 0, 0.7170, 0
-1, 0.42, 1, 0, 0, 0.4890, 1
-1, 0.56, 0, 0, 1, 0.5640, 2
-1, 0.62, 0, 1, 0, 0.6630, 2
-1, 0.50, 1, 0, 0, 0.6480, 1
 1, 0.47, 0, 0, 1, 0.5200, 1
-1, 0.67, 0, 1, 0, 0.8040, 2
-1, 0.40, 0, 0, 1, 0.5040, 1
 1, 0.42, 0, 1, 0, 0.4840, 1
 1, 0.64, 1, 0, 0, 0.7200, 0
-1, 0.47, 1, 0, 0, 0.5870, 2
 1, 0.45, 0, 1, 0, 0.5280, 1
-1, 0.25, 0, 0, 1, 0.4090, 0
 1, 0.38, 1, 0, 0, 0.4840, 0
 1, 0.55, 0, 0, 1, 0.6000, 1
-1, 0.44, 1, 0, 0, 0.6060, 1
 1, 0.33, 1, 0, 0, 0.4100, 1
 1, 0.34, 0, 0, 1, 0.3900, 1
 1, 0.27, 0, 1, 0, 0.3370, 2
 1, 0.32, 0, 1, 0, 0.4070, 1
 1, 0.42, 0, 0, 1, 0.4700, 1
-1, 0.24, 0, 0, 1, 0.4030, 0
 1, 0.42, 0, 1, 0, 0.5030, 1
 1, 0.25, 0, 0, 1, 0.2800, 2
 1, 0.51, 0, 1, 0, 0.5800, 1
-1, 0.55, 0, 1, 0, 0.6350, 2
 1, 0.44, 1, 0, 0, 0.4780, 2
-1, 0.18, 1, 0, 0, 0.3980, 0
-1, 0.67, 0, 1, 0, 0.7160, 2
 1, 0.45, 0, 0, 1, 0.5000, 1
 1, 0.48, 1, 0, 0, 0.5580, 1
-1, 0.25, 0, 1, 0, 0.3900, 1
-1, 0.67, 1, 0, 0, 0.7830, 1
 1, 0.37, 0, 0, 1, 0.4200, 1
-1, 0.32, 1, 0, 0, 0.4270, 1
 1, 0.48, 1, 0, 0, 0.5700, 1
-1, 0.66, 0, 0, 1, 0.7500, 2
 1, 0.61, 1, 0, 0, 0.7000, 0
-1, 0.58, 0, 0, 1, 0.6890, 1
 1, 0.19, 1, 0, 0, 0.2400, 2
 1, 0.38, 0, 0, 1, 0.4300, 1
-1, 0.27, 1, 0, 0, 0.3640, 1
 1, 0.42, 1, 0, 0, 0.4800, 1
 1, 0.60, 1, 0, 0, 0.7130, 0
-1, 0.27, 0, 0, 1, 0.3480, 0
 1, 0.29, 0, 1, 0, 0.3710, 0
-1, 0.43, 1, 0, 0, 0.5670, 1
 1, 0.48, 1, 0, 0, 0.5670, 1
 1, 0.27, 0, 0, 1, 0.2940, 2
-1, 0.44, 1, 0, 0, 0.5520, 0
 1, 0.23, 0, 1, 0, 0.2630, 2
-1, 0.36, 0, 1, 0, 0.5300, 2
 1, 0.64, 0, 0, 1, 0.7250, 0
 1, 0.29, 0, 0, 1, 0.3000, 2
-1, 0.33, 1, 0, 0, 0.4930, 1
-1, 0.66, 0, 1, 0, 0.7500, 2
-1, 0.21, 0, 0, 1, 0.3430, 0
 1, 0.27, 1, 0, 0, 0.3270, 2
 1, 0.29, 1, 0, 0, 0.3180, 2
-1, 0.31, 1, 0, 0, 0.4860, 1
 1, 0.36, 0, 0, 1, 0.4100, 1
 1, 0.49, 0, 1, 0, 0.5570, 1
-1, 0.28, 1, 0, 0, 0.3840, 0
-1, 0.43, 0, 0, 1, 0.5660, 1
-1, 0.46, 0, 1, 0, 0.5880, 1
 1, 0.57, 1, 0, 0, 0.6980, 0
-1, 0.52, 0, 0, 1, 0.5940, 1
-1, 0.31, 0, 0, 1, 0.4350, 1
-1, 0.55, 1, 0, 0, 0.6200, 2
 1, 0.50, 1, 0, 0, 0.5640, 1
 1, 0.48, 0, 1, 0, 0.5590, 1
-1, 0.22, 0, 0, 1, 0.3450, 0
 1, 0.59, 0, 0, 1, 0.6670, 0
 1, 0.34, 1, 0, 0, 0.4280, 2
-1, 0.64, 1, 0, 0, 0.7720, 2
 1, 0.29, 0, 0, 1, 0.3350, 2
-1, 0.34, 0, 1, 0, 0.4320, 1
-1, 0.61, 1, 0, 0, 0.7500, 2
 1, 0.64, 0, 0, 1, 0.7110, 0
-1, 0.29, 1, 0, 0, 0.4130, 0
 1, 0.63, 0, 1, 0, 0.7060, 0
-1, 0.29, 0, 1, 0, 0.4000, 0
-1, 0.51, 1, 0, 0, 0.6270, 1
-1, 0.24, 0, 0, 1, 0.3770, 0
 1, 0.48, 0, 1, 0, 0.5750, 1
 1, 0.18, 1, 0, 0, 0.2740, 0
 1, 0.18, 1, 0, 0, 0.2030, 2
 1, 0.33, 0, 1, 0, 0.3820, 2
-1, 0.20, 0, 0, 1, 0.3480, 0
 1, 0.29, 0, 0, 1, 0.3300, 2
-1, 0.44, 0, 0, 1, 0.6300, 0
-1, 0.65, 0, 0, 1, 0.8180, 0
-1, 0.56, 1, 0, 0, 0.6370, 2
-1, 0.52, 0, 0, 1, 0.5840, 1
-1, 0.29, 0, 1, 0, 0.4860, 0
-1, 0.47, 0, 1, 0, 0.5890, 1
 1, 0.68, 1, 0, 0, 0.7260, 2
 1, 0.31, 0, 0, 1, 0.3600, 1
 1, 0.61, 0, 1, 0, 0.6250, 2
 1, 0.19, 0, 1, 0, 0.2150, 2
 1, 0.38, 0, 0, 1, 0.4300, 1
-1, 0.26, 1, 0, 0, 0.4230, 0
 1, 0.61, 0, 1, 0, 0.6740, 0
 1, 0.40, 1, 0, 0, 0.4650, 1
-1, 0.49, 1, 0, 0, 0.6520, 1
 1, 0.56, 1, 0, 0, 0.6750, 0
-1, 0.48, 0, 1, 0, 0.6600, 1
 1, 0.52, 1, 0, 0, 0.5630, 2
-1, 0.18, 1, 0, 0, 0.2980, 0
-1, 0.56, 0, 0, 1, 0.5930, 2
-1, 0.52, 0, 1, 0, 0.6440, 1
-1, 0.18, 0, 1, 0, 0.2860, 1
-1, 0.58, 1, 0, 0, 0.6620, 2
-1, 0.39, 0, 1, 0, 0.5510, 1
-1, 0.46, 1, 0, 0, 0.6290, 1
-1, 0.40, 0, 1, 0, 0.4620, 1
-1, 0.60, 1, 0, 0, 0.7270, 2
 1, 0.36, 0, 1, 0, 0.4070, 2
 1, 0.44, 1, 0, 0, 0.5230, 1
 1, 0.28, 1, 0, 0, 0.3130, 2
 1, 0.54, 0, 0, 1, 0.6260, 0
